p2_wall_clip_pb = 21.101000
p1_wall_clip_pb = 24.121000
