frozen_door = 17.875000
ambush = 45.334999
scientist_door = 13.965025
