probe_arm = 127.473503
tldoor = 6.075001
